area,latitude,longitude,traffic_density,road_condition,rainfall_level,drainage_quality,population_density,street_lighting,emergency_access,risk_level
Ojota,6.5786,3.3869,9,4,8,3,9,4,5,1
Yaba,6.5095,3.3711,8,6,6,5,8,6,7,0
Lekki,6.4698,3.5852,7,8,5,7,7,8,8,0
Ikorodu,6.6194,3.5105,8,5,7,4,8,5,5,1
Ajegunle,6.4561,3.3596,9,3,7,3,9,3,4,1
Surulere,6.4969,3.3615,7,6,6,5,7,6,6,0
Ikeja,6.6018,3.3515,6,7,5,6,7,7,8,0
Agege,6.6156,3.3209,8,4,7,4,9,4,5,1
Badagry,6.415,2.8833,4,6,5,6,5,5,5,0
Victoria Island,6.4281,3.4219,6,8,5,7,6,8,8,0
Mushin,6.5278,3.3498,9,3,7,3,9,3,4,1
Epe,6.5841,3.9836,5,6,6,5,5,5,5,0
Maryland,6.5708,3.3731,7,6,6,5,7,6,7,0
Apapa,6.4488,3.359,9,4,6,4,8,4,5,1
Oshodi,6.5536,3.3431,10,3,7,3,10,3,4,1
Magodo,6.6412,3.385,5,8,5,7,6,8,8,0
Ikoyi,6.4549,3.4306,5,8,4,8,5,9,9,0
Alimosho,6.609,3.292,8,4,7,4,9,4,5,1
Festac,6.4697,3.2828,6,6,6,5,7,6,6,0
Ketu,6.5965,3.3908,8,5,7,4,8,5,5,1
